# omega_cold,sigma8_cold,hubble,ns,omega_baryon
0.27797843,0.87272539,0.66382828,0.93388724,0.05913812
0.35818414,0.86621061,0.73624279,0.96048847,0.05493099
0.27362696,0.88913245,0.60987123,0.92991595,0.05433113
0.38279137,0.79093572,0.75658724,0.93576551,0.05762737
0.23395113,0.75628973,0.64660586,0.98732962,0.04476443
0.35610691,0.73706066,0.69139124,0.94023611,0.05260634
0.33272339,0.77709552,0.66873483,0.98953666,0.04911061
0.38636779,0.79287791,0.64130486,0.93653958,0.04390660
0.25134568,0.75110844,0.63805995,0.96128189,0.04160335
0.25842319,0.77413413,0.71074233,0.99040858,0.04307720
0.28436602,0.83998875,0.60704262,0.96980016,0.04214590
0.37096728,0.76732198,0.74048625,0.95976742,0.04783771
0.28462637,0.75558991,0.62008695,0.96862115,0.04638731
0.32731589,0.80946493,0.73293921,0.99316723,0.04193127
0.26005352,0.86780055,0.78802932,0.94130895,0.04399883
0.37717216,0.79268009,0.75606762,0.99338987,0.05622432
0.38917707,0.89058091,0.64083720,0.96462497,0.05963955
0.28115469,0.87386720,0.74310762,0.96444549,0.04300998
0.34795411,0.77884163,0.74231077,0.95839571,0.05827397
0.32509285,0.79929849,0.77318247,0.96237938,0.05208076
0.36125554,0.75742105,0.61194683,1.00730277,0.04370442
0.33901813,0.87017361,0.61454555,0.94240132,0.04120195
0.23196252,0.89146560,0.79973881,0.93893787,0.05067646
0.27116438,0.85754105,0.67365611,0.95200111,0.04234745
0.30810070,0.89070953,0.77698311,0.95956258,0.05495917
0.37781602,0.83109392,0.61037110,0.92422069,0.04486825
0.25190100,0.75279273,0.75548379,1.00798878,0.04580818
0.25804612,0.85733704,0.79470354,0.92685955,0.05777835
0.27258727,0.83395658,0.62281243,0.98546854,0.04503053
0.39077461,0.84724363,0.74709587,0.93004050,0.04917957
0.35055953,0.84068765,0.76477195,0.99204014,0.05633783
0.35296572,0.86714219,0.75986812,0.99364457,0.04602463
0.31855168,0.81858428,0.73675396,1.00261663,0.05336890
0.32445694,0.78119894,0.65503835,1.00331146,0.04756094
0.31869054,0.83429244,0.79194881,1.00973576,0.04089671
0.30275237,0.88496603,0.65420152,1.00415975,0.05970503
0.39593857,0.84476811,0.73809623,1.00151157,0.04094456
0.24263752,0.81595648,0.67878111,0.93235279,0.04311475
0.25670074,0.76820904,0.78997545,0.92811520,0.05779693
0.34573952,0.82084810,0.72682509,1.00890232,0.05531379
0.38167784,0.78066479,0.75229985,0.95301705,0.04691972
0.36885096,0.79576759,0.64466447,0.99675904,0.05082987
0.30961198,0.73891121,0.76816004,0.93423763,0.04118569
0.34853437,0.88433772,0.67657525,0.93530652,0.04659205
0.30559884,0.80199694,0.68166743,0.97589399,0.04029427
0.36380278,0.85783577,0.79128896,0.96575294,0.04905788
0.36240614,0.81441875,0.69420675,0.92066636,0.05204134
0.37878326,0.80319055,0.60084305,0.98695839,0.05379782
0.35973900,0.77134454,0.68095347,1.00068223,0.04446788
0.24396248,0.82985747,0.77451749,0.93148632,0.05091148
0.30859917,0.88659253,0.73570922,0.93590769,0.04843527
0.33289318,0.86076118,0.72017894,1.00936401,0.05788811
0.39487515,0.73087981,0.62853793,0.96831705,0.05422158
0.36002186,0.82787160,0.64956928,0.94041961,0.05447958
0.28677058,0.73167031,0.63898932,1.00004680,0.05766639
0.30303308,0.86322594,0.79269909,0.94746125,0.05046298
0.33505261,0.74815915,0.64055265,0.99017756,0.05190858
0.24216924,0.73594163,0.69352528,1.00788286,0.04405797
0.24158831,0.73832117,0.70441503,0.94582108,0.04942313
0.30889655,0.80140347,0.66063959,1.00443985,0.05848715
0.37198757,0.78267713,0.63769279,0.96270372,0.05742285
0.30336132,0.74268453,0.72547209,0.97100602,0.04785720
0.39294876,0.74012913,0.78375349,0.96388692,0.05123267
0.29437433,0.89806549,0.75526285,0.97226328,0.04358102
0.33592422,0.76442825,0.63653433,1.00221181,0.04874303
0.24535906,0.77525325,0.63149346,0.99428304,0.04629424
0.28155507,0.77637559,0.64546104,0.94404254,0.04575736
0.23006556,0.76721383,0.69725486,0.94168240,0.05862128
0.38059664,0.78168699,0.73823982,0.92606657,0.05590435
0.29157483,0.83183918,0.71194932,0.95900689,0.04543810
0.39105525,0.76890088,0.76288701,1.00022848,0.05009068
0.34874115,0.82626013,0.77904015,0.98628571,0.04570801
0.28407169,0.80358965,0.60817658,0.96913211,0.05642684
0.36779884,0.84053837,0.62026575,0.96325997,0.04050203
0.24381037,0.81835401,0.64212716,0.96695170,0.05853685
0.32432488,0.89661086,0.60451242,0.99457550,0.04858541
0.23840599,0.86839086,0.73344394,0.99231686,0.04005247
0.33404227,0.80841798,0.79940976,0.98145934,0.05576299
0.27222170,0.80647927,0.78208235,0.95548825,0.04171975
0.34110277,0.80006968,0.66514093,0.93048873,0.04931115
0.27023867,0.82300386,0.66584374,0.97507005,0.04618006
0.39798054,0.73216174,0.62183262,0.95833042,0.04964002
0.29108683,0.81573948,0.78878191,0.98552927,0.04057942
0.23811906,0.77060569,0.69884465,0.99648216,0.04664179
0.28207843,0.73492385,0.73419891,0.98092535,0.05246788
0.36212375,0.87071945,0.76503012,0.99730485,0.04796398
0.26928227,0.89357874,0.67766038,0.93360458,0.04219920
0.27909570,0.82483876,0.74269909,0.98041293,0.04098740
0.32862531,0.75785361,0.65525308,0.98352263,0.04305458
0.38423932,0.80871337,0.76247769,0.94645509,0.05866767
0.29289280,0.77081970,0.74185808,0.97092442,0.04041817
0.23659880,0.80225340,0.78390829,0.93918943,0.05210727
0.33513269,0.82075533,0.67561080,0.93617288,0.04820844
0.34667104,0.88220963,0.71601188,1.00359664,0.04576983
0.33652131,0.79808939,0.76217616,1.00485793,0.04247444
0.39127820,0.89516726,0.68367780,0.93479288,0.04649176
0.38412051,0.74288300,0.63128234,0.95696147,0.04887928
0.37238887,0.84024940,0.74355488,0.96872848,0.04630868
0.28445066,0.85823985,0.73846951,0.95687154,0.05448425
0.34975665,0.89006666,0.70407480,0.96928754,0.04830975
0.39562476,0.86295931,0.67341579,0.93255467,0.05654959
0.38677402,0.80185654,0.74423252,0.98727553,0.04913768
0.39998775,0.78578686,0.71638889,0.92051474,0.04329332
0.39708059,0.77346664,0.67665146,0.94429868,0.04424346
0.33661439,0.75254672,0.65896928,1.00841592,0.05751761
0.33431796,0.76587707,0.74660091,0.97051051,0.05793378
0.24977310,0.76490008,0.64912243,0.92228232,0.05153979
0.37769446,0.77275073,0.61396725,0.95652507,0.04852327
0.25584185,0.80453549,0.70503219,0.95663087,0.05273717
0.39822380,0.77481326,0.70338399,0.93658202,0.04883132
0.32104021,0.87192439,0.66976381,1.00991836,0.04839911
0.38245042,0.83042035,0.65330196,0.95090722,0.05543013
0.38298570,0.80169858,0.66183128,0.98528262,0.04746702
0.24671607,0.81657031,0.76378838,1.00528701,0.04492921
0.35489246,0.88506644,0.66730349,0.92299082,0.05574296
0.23926419,0.77982538,0.63428258,0.94755348,0.05049319
0.33803520,0.76135966,0.63017900,0.96289413,0.04922165
0.38782276,0.80561982,0.61953223,0.95085276,0.05499950
0.35887233,0.73519380,0.75813849,0.92426614,0.04375985
0.35184274,0.75810048,0.65447325,0.92846164,0.05668759
0.27173882,0.83136056,0.68241933,1.00903514,0.05604074
0.31639706,0.80618264,0.70097718,0.93748408,0.04011120
0.31932597,0.85959880,0.61780604,1.00100139,0.05203424
0.36570526,0.78223250,0.62873070,0.92727885,0.04729918
0.31622785,0.81678675,0.76120289,1.00509815,0.05870044
0.24931003,0.75910507,0.63678304,0.98322001,0.05420396
0.26112280,0.80432016,0.73179261,0.96064646,0.05305903
0.25973142,0.76643520,0.68865735,0.97024037,0.05376269
0.24143430,0.87470385,0.74179021,0.99755889,0.05700756
0.24838412,0.89234923,0.76569707,0.98257904,0.04013941
0.37630177,0.77064774,0.67746568,0.92240861,0.05274294
0.38158083,0.79870493,0.61094021,0.95558687,0.04175206
0.25613328,0.89559929,0.60736248,0.95041237,0.05511316
0.24296800,0.76080274,0.78600025,0.94211333,0.04027184
0.37855674,0.82374227,0.73040048,0.94972692,0.05120810
0.36899330,0.85241440,0.63610062,0.95706791,0.05627269
0.36870858,0.82159566,0.73159647,0.98115920,0.05302731
0.31205164,0.82750854,0.76440816,0.96916232,0.05370918
0.24117163,0.81484751,0.68115298,0.92906072,0.04622182
0.31388998,0.80042381,0.72508185,0.96071119,0.04157401
0.38533897,0.77448518,0.60436891,0.99156131,0.05287434
0.26271455,0.75502536,0.71524324,0.99970055,0.05299047
0.32554090,0.85109532,0.78223707,1.00802877,0.05058425
0.29779852,0.76747443,0.75737962,0.92192124,0.05372089
0.28261284,0.82954639,0.64779283,0.95429362,0.04367794
0.30020302,0.86476817,0.61258689,0.92472904,0.04980968
0.31443686,0.88741134,0.66017768,0.94318539,0.05115879
0.32117131,0.85219481,0.62593959,0.99439453,0.04409167
0.33777972,0.84694095,0.71402745,0.98875989,0.05800984
0.30403678,0.79777337,0.61331373,0.95286975,0.05000318
0.25239574,0.85030518,0.66995150,1.00644681,0.05966633
0.29150120,0.84554377,0.70541392,0.97876563,0.05821078
0.35737904,0.76397442,0.79819053,0.95922756,0.05198162
0.36616843,0.84675799,0.67619374,0.93961004,0.04150760
0.31121892,0.85519323,0.79008196,0.99075355,0.05921991
0.28187493,0.89207475,0.65736745,0.98428044,0.05608289
0.30509678,0.76843381,0.70830911,0.99086569,0.05418031
0.33822854,0.87980176,0.75753632,0.98499807,0.05674799
0.31496322,0.79112962,0.79633647,1.00567297,0.04661940
0.30389110,0.87670676,0.67636690,0.94837473,0.05502584
0.35686444,0.80134608,0.61222200,0.97637656,0.05355748
0.27468557,0.89529217,0.72616541,0.95964434,0.05600016
0.39540932,0.88996718,0.78440138,0.93218738,0.04373746
0.36652746,0.79649034,0.60869276,0.95315404,0.04979454
0.37704141,0.77766892,0.77474105,0.92678027,0.04284328
0.27062691,0.73431873,0.61915374,0.95637135,0.04155493
0.23244617,0.78379590,0.64732077,0.96511901,0.05504548
0.25642362,0.78954107,0.74680332,0.93553227,0.05482971
0.30581788,0.86382468,0.72749595,0.94435328,0.04007812
0.34204876,0.84536285,0.72246348,0.97371656,0.05004077
0.39860966,0.85950608,0.76822820,0.99029787,0.04657576
0.39193013,0.81317531,0.64162433,0.96298589,0.05470966
0.30450391,0.86026571,0.72964341,0.99509871,0.04667791
0.33473632,0.88302285,0.70184038,0.98488101,0.05491591
0.31708359,0.81244607,0.60240416,0.94255606,0.04650561
0.24021911,0.78722291,0.63793617,0.93353521,0.05752838
0.28008045,0.73142770,0.78001292,1.00716791,0.05229607
0.36644587,0.74353300,0.72177378,0.97083534,0.05374631
0.35948229,0.75125767,0.70275128,0.99865110,0.04822493
0.33253022,0.85269272,0.72355958,0.92367328,0.05194956
0.39516037,0.84198590,0.78679097,0.96774667,0.05992081
0.23107907,0.73195576,0.69617786,0.92537728,0.04827410
0.35430998,0.86738096,0.61501967,0.98120139,0.04060035
0.23085799,0.75497779,0.72897244,0.96245260,0.04740894
0.37992351,0.83253621,0.71227665,0.97449119,0.04541669
0.36119695,0.89691275,0.76762961,0.95594742,0.05618530
0.24949967,0.86644689,0.74391903,0.92857160,0.05024455
0.34301484,0.73068994,0.69257587,1.00235935,0.05593799
0.23743503,0.88693610,0.72956410,0.96658278,0.05085100
0.25477831,0.79328926,0.78642973,0.97968129,0.05933321
0.25489976,0.83654777,0.60175104,0.99621549,0.04084120
0.25143904,0.88065785,0.73769647,0.93372585,0.05532941
0.30164878,0.80812612,0.73537365,0.92007869,0.05222096
0.30539805,0.77165796,0.61976728,0.93453010,0.05387585
0.28809696,0.82536489,0.64297621,0.95213748,0.05807357
0.23040662,0.79690095,0.66131991,0.94560213,0.04983626
0.30106194,0.88966089,0.78425168,0.94650781,0.05941694
0.25432349,0.79301196,0.75258998,0.97306918,0.04070411
0.23771414,0.80790236,0.74204127,0.96786092,0.05054152
0.26137554,0.83682137,0.69279954,0.99416060,0.05629438
0.32229945,0.86966210,0.76797419,0.96894629,0.04572735
0.29198320,0.89117329,0.75933617,0.98608464,0.05803078
0.35721781,0.78616805,0.78290544,0.93026449,0.05835315
0.24900987,0.85925472,0.66743080,0.98947638,0.04407101
0.36686828,0.74670256,0.64340164,0.94569217,0.05690680
0.29845858,0.73493892,0.77052673,0.99796353,0.05785194
0.32765449,0.81555764,0.72529821,0.95906836,0.04583161
0.28021000,0.81987180,0.60391837,0.93499040,0.05297748
0.23338441,0.84225653,0.72406890,0.99851034,0.05389960
0.28094449,0.87259637,0.62444437,0.92586254,0.04961507
0.25895647,0.85492801,0.70694497,0.92466752,0.04363433
0.26728529,0.86482524,0.66475950,0.98619121,0.05428597
0.27386800,0.76661629,0.69854898,0.93470371,0.05291359
0.26451406,0.78297206,0.65006291,1.00774791,0.05945200
0.25008123,0.83750626,0.66211121,0.98048577,0.05526292
0.36373522,0.82442743,0.60950204,0.94280310,0.05271332
0.28894849,0.87213485,0.62821523,0.94944410,0.05332044
0.24228335,0.75095001,0.69564748,0.93903675,0.04145087
0.26361916,0.76117038,0.63994214,0.97433680,0.05010828
0.36729030,0.78844279,0.78723679,0.94737255,0.05135665
0.32485872,0.81426286,0.79864050,0.96735447,0.05087723
0.35957836,0.80784033,0.76312199,0.98228013,0.05285615
0.29882383,0.76307812,0.60327607,0.96419604,0.05672038
0.29237816,0.84761654,0.61544185,0.97478564,0.04872230
0.23294721,0.77792099,0.60343349,0.95229413,0.05875153
0.37559613,0.77564487,0.69586277,0.98222126,0.04326016
0.31670010,0.76833220,0.62738096,0.99922449,0.04394047
0.35931588,0.87238159,0.63631504,0.99685537,0.04682655
0.24591993,0.79310613,0.60403358,0.94512609,0.04213167
0.36016534,0.85907270,0.77143972,0.93183579,0.05798214
0.30783554,0.78204056,0.74898078,0.97938618,0.05620932
0.34524852,0.84389102,0.71739990,0.94867073,0.05440451
0.39591408,0.73277912,0.63023537,0.92025488,0.04957706
0.32148366,0.79463007,0.70709221,0.94224627,0.04637814
0.31102294,0.89902457,0.60594851,0.92398229,0.04462992
0.27322245,0.82104100,0.61772642,0.95472027,0.04427583
0.32490225,0.82653979,0.69318280,0.98379413,0.04147649
0.26301007,0.74591225,0.77980192,0.92331765,0.05884693
0.27718372,0.73248320,0.61002498,0.96491220,0.05096254
0.27501731,0.88007246,0.79646879,0.92213398,0.04778531
0.28175371,0.89888635,0.69743429,0.97843605,0.04349947
0.33539159,0.79721774,0.70370276,0.93932658,0.04789163
0.28393116,0.78901948,0.77028776,0.98539532,0.05887459
0.37492127,0.78349649,0.65588718,0.93118910,0.04351868
0.31754982,0.80034391,0.61602110,0.99581183,0.05407656
0.35785866,0.89448011,0.62790478,0.98354580,0.05657881
0.36154342,0.86573042,0.69456090,0.97060884,0.05695572
0.26449314,0.86902481,0.64411545,0.97731415,0.04893731
0.37605375,0.83347553,0.73992785,0.92314503,0.04589285
0.37836498,0.83563622,0.78075892,0.99057005,0.04514141
0.24817303,0.89828174,0.79457693,1.00409424,0.04243756
0.24277510,0.85312177,0.62163604,0.93039265,0.04840007
0.32213249,0.86882178,0.66053521,0.97139462,0.05882846
0.27627295,0.79355104,0.68720427,0.96144512,0.04693013
0.29511495,0.83380528,0.66852049,0.92885737,0.04613744
0.31579542,0.87497715,0.60377934,0.94692205,0.05052821
0.25424903,0.83839053,0.79791370,0.96854302,0.04976146
0.27812143,0.81935345,0.74873415,1.00437941,0.05516864
0.29367149,0.79737801,0.65088912,0.97037114,0.05069309
0.35522564,0.84252391,0.75216679,0.97177492,0.05473222
0.33094353,0.75472435,0.79704889,0.95795683,0.04110346
0.39134232,0.81166844,0.72326621,0.98299527,0.05712109
0.36678328,0.78033294,0.62928420,1.00576958,0.04989923
0.26320433,0.87423435,0.60479469,0.93208309,0.04654296
0.29740561,0.83821082,0.69979891,0.98310920,0.05105339
0.27507061,0.86134658,0.73388698,0.94886567,0.04725679
0.28868827,0.87135558,0.62529270,0.92342311,0.04416073
0.32947454,0.79711811,0.65268115,0.98751097,0.04331251
0.33130281,0.76046214,0.66110365,0.96818920,0.05356036
0.37915677,0.74318775,0.62692600,0.99520241,0.04645763
0.29412489,0.83236759,0.64274312,0.95507266,0.05538251
0.36633593,0.81049152,0.76270726,0.98275789,0.05839673
0.34837638,0.82904596,0.64807626,1.00675639,0.04277077
0.23960122,0.86919356,0.72137208,0.98199304,0.04509312
0.25055354,0.87671896,0.75071900,0.98985719,0.04962051
0.29968628,0.86163922,0.68462572,0.96206292,0.05043142
0.39261672,0.87585390,0.73589308,0.95447058,0.04282083
0.33233313,0.83222001,0.76653965,0.92027873,0.05919910
0.35462090,0.83780763,0.63697650,0.96202462,0.05888331
0.23150352,0.79450907,0.72261685,0.92660893,0.05201206
0.35317435,0.83317927,0.62080625,0.92897204,0.05815621
0.34504137,0.85988606,0.72458114,0.94908194,0.04520584
0.32454890,0.79477410,0.79343157,0.92594510,0.05281746
0.28494472,0.83088724,0.71709130,0.97814910,0.04482056
0.24824018,0.84160790,0.71650872,0.94372523,0.04967277
0.26189344,0.80529474,0.78598451,1.00722981,0.04031108
0.37995178,0.75998592,0.62139296,0.97119582,0.04599588
0.32877412,0.75580282,0.72909685,0.99299574,0.04606046
0.31189982,0.86446165,0.75156928,1.00171430,0.05343610
0.33547334,0.81603488,0.72569256,0.96584366,0.05949596
0.31452390,0.87966498,0.63542717,0.93161460,0.05607304
0.24868460,0.75070159,0.65351243,0.95096489,0.04819243
0.32370897,0.87406812,0.70396344,0.93635113,0.05020694
0.23379561,0.74964609,0.75675427,0.99139503,0.04221662
0.35411077,0.74237806,0.61477854,0.99465521,0.05596961
0.28635361,0.84960577,0.73740104,1.00581623,0.04009044
0.38122830,0.82620864,0.65068141,0.98675948,0.04020725
0.38860136,0.82384316,0.70650620,0.92702929,0.04901049
0.37686974,0.81282022,0.75267036,0.98130964,0.04561144
0.28905155,0.73563444,0.66627379,0.95893871,0.05250675
0.29533578,0.82486670,0.73312582,0.92554174,0.04804376
0.26204402,0.88202478,0.70490806,1.00035061,0.04814510
0.23218770,0.74883624,0.72207464,0.94504275,0.04356211
0.28486366,0.80665118,0.69180879,0.96471610,0.05965605
0.39672047,0.74147000,0.70862343,0.98068155,0.04720584
0.26703022,0.82207919,0.77870432,0.92340673,0.05437453
0.24252758,0.79797836,0.62368995,0.95053655,0.04767860
0.34194821,0.76403702,0.63265040,0.95331664,0.04601104
0.30840051,0.81376907,0.67832784,0.93312413,0.05507065
0.31952335,0.85558904,0.70024964,0.96569175,0.04317454
0.27111775,0.77684540,0.71253941,0.97153677,0.05615528
0.27764026,0.83728190,0.72870041,0.92354213,0.05384266
0.37569020,0.89428570,0.65982204,1.00424823,0.05108417
0.37340164,0.80427620,0.67519684,0.99915705,0.05711011
0.32819075,0.74860341,0.75828957,0.93333470,0.04929783
0.36188172,0.85124519,0.77063043,0.99803047,0.05974254
0.36074872,0.75544656,0.71171967,0.95948587,0.04290787
0.25194040,0.75340141,0.71268860,0.94076333,0.05269660
0.35338682,0.81091015,0.60281014,0.93688374,0.04248332
0.24569417,0.80714737,0.66576491,1.00947692,0.04217471
0.35088474,0.76023619,0.72066446,0.99570670,0.04269529
0.30441304,0.84492603,0.62354708,0.94858130,0.05065135
0.26803698,0.85158812,0.60784563,0.96415595,0.05722330
0.30799378,0.78694927,0.77948577,0.95384053,0.05427923
0.27858464,0.81151178,0.71683801,0.93547199,0.04379210
0.30977300,0.77379684,0.75356223,0.96363241,0.04627180
0.38733850,0.76912349,0.79827155,1.00957786,0.04998034
0.33209999,0.84417143,0.67461533,0.92168787,0.04512540
0.37063172,0.79832338,0.62470635,0.92295195,0.04293629
0.34314115,0.89468080,0.65704079,0.99479832,0.05810395
0.23029477,0.83926340,0.64874905,0.94959785,0.05850112
0.39398165,0.89724180,0.60663067,0.96640407,0.04167930
0.24442247,0.77613133,0.74104342,0.95994102,0.05282165
0.36330533,0.79938578,0.68975447,0.95626545,0.04800265
0.23130801,0.81523478,0.75564801,0.97632845,0.05756438
0.27778045,0.82830618,0.65391176,0.96951110,0.04382945
0.33697339,0.82115051,0.77645013,0.94202409,0.04847764
0.32056948,0.74946451,0.68689894,0.99293756,0.05435210
0.34274623,0.80957476,0.67435065,0.94765371,0.04346644
0.30233107,0.82686795,0.67284095,0.94988354,0.04014556
0.35020396,0.88113269,0.65952959,1.00760256,0.05651052
0.37450227,0.82858405,0.68151753,0.94728120,0.04557432
0.34053608,0.73877493,0.70620400,0.99930048,0.05339397
0.23853907,0.85064273,0.67307873,0.99275074,0.04186341
0.30700584,0.85848257,0.67925762,0.92156928,0.04921009
0.34644061,0.87767079,0.75402698,0.94825722,0.05353207
0.33166932,0.89353135,0.63905006,0.98189681,0.04066267
0.29940317,0.86652943,0.70575682,0.94722218,0.04490441
0.33110823,0.85100077,0.77899456,0.99938373,0.04926580
0.27426195,0.82031352,0.68069368,0.93345715,0.05367101
0.35161113,0.85185574,0.67722239,0.98382694,0.05413301
0.37287164,0.80375603,0.74780553,1.00649874,0.05758156
0.33925353,0.76040125,0.76055765,0.92323190,0.04585760
0.38043788,0.78746173,0.64378519,0.95427807,0.05334345
0.31915136,0.89306835,0.61727382,1.00281060,0.05164723
0.29179124,0.78104883,0.68711052,0.99997885,0.05319065
0.24612115,0.89408458,0.71114786,0.97677618,0.05925507
0.30193685,0.86832387,0.66666279,0.96051292,0.04461845
0.39306995,0.84435770,0.78155668,0.94846800,0.05634180
0.35574985,0.81337330,0.69714203,0.99384011,0.05744756
0.32900624,0.76253400,0.77977298,0.96034758,0.04432650
0.28989396,0.82875741,0.77831063,0.96649319,0.04083827
0.33876220,0.80251504,0.74945142,0.92501866,0.04996341
0.29297721,0.86451073,0.61890549,1.00608507,0.05300761
0.28067224,0.85146639,0.76229427,0.98411582,0.05876525
0.29475779,0.79128233,0.77730368,0.96257705,0.05325013
0.26494039,0.83319643,0.71390988,0.97920372,0.04149566
0.24188382,0.86344990,0.78111361,0.96502077,0.04918533
0.31890453,0.73670310,0.76016914,1.00271530,0.04959665
0.33155347,0.88940454,0.70607169,0.94066290,0.04824481
0.35372078,0.80600602,0.76849996,0.96799195,0.04314301
0.32741020,0.85508193,0.71994262,0.98891746,0.04555474
0.31813098,0.79426110,0.72580194,0.94614259,0.05368722
0.39900381,0.79172140,0.65155923,0.96306243,0.04252334
0.34435846,0.73910523,0.72920288,0.93071135,0.05724188
0.37861426,0.76514425,0.74573583,0.97494074,0.05278878
0.39753406,0.79908177,0.68931834,0.93172257,0.04237333
0.38668378,0.74629837,0.69496226,0.94215345,0.04865107
0.36426126,0.74160091,0.77128920,0.93574810,0.04703367
0.37174991,0.88322850,0.64034499,0.99199415,0.04737890
0.37406111,0.84287631,0.78163024,0.98343601,0.05212787
0.33056440,0.85300472,0.68398564,1.00704775,0.04706214
0.36310813,0.87922964,0.67441922,0.93831055,0.04423700
0.25529553,0.88339780,0.75685504,0.94811605,0.04498094
0.37662601,0.82701895,0.61810455,0.99241763,0.04527551
0.25090219,0.84044012,0.70845772,0.92575834,0.05823122
0.38952052,0.73737623,0.69944467,0.98967705,0.05702577
0.33045252,0.74912925,0.74907932,0.97190790,0.05905915
0.27042199,0.84110267,0.66231721,0.93726410,0.04202351
0.28764263,0.78997577,0.68341409,0.96193839,0.05840150
0.30242817,0.86361795,0.76184740,0.98075268,0.04762188
0.39031498,0.73058645,0.65198437,0.96987352,0.04130772
0.33461549,0.84008907,0.66368563,0.99630618,0.04034520
0.25718725,0.78937594,0.70423020,0.97755748,0.05564980
0.28842692,0.75380519,0.67905338,0.94417679,0.04473650
0.36171267,0.79248113,0.68421149,0.98095393,0.04397570
0.33984387,0.81748571,0.64682966,0.96884825,0.05032763
0.37808247,0.74202616,0.73606141,0.94790114,0.04519699
0.27350497,0.89325539,0.76913205,0.96625359,0.05099049
0.28308186,0.88805153,0.67333299,1.00470389,0.05736960
0.38438674,0.82325411,0.65300940,0.95720143,0.04415768
0.35836953,0.85435682,0.70817167,0.95130626,0.04770625
0.24784195,0.75154128,0.65697204,0.98242030,0.04809171
0.30182128,0.82005246,0.68919359,0.96341471,0.05309253
0.39325927,0.89046153,0.63239724,0.96137765,0.04123087
0.37307301,0.89748225,0.77232443,0.96117226,0.05014813
0.36072629,0.79400243,0.69553103,0.99412208,0.04743799
0.30058692,0.79579979,0.70179555,0.98852588,0.04896472
0.30662158,0.88252612,0.70247353,0.99767638,0.04286038
0.29816280,0.88275436,0.71429060,0.97929679,0.05093327
0.28508210,0.83369724,0.67530950,0.96537416,0.04689352
0.25864843,0.77148373,0.72670502,0.96156822,0.04829897
0.29681928,0.88584481,0.77269919,0.95527184,0.04275153
0.23970188,0.77003459,0.77560577,0.96407670,0.04734991
0.38251388,0.81628380,0.60834410,0.97860301,0.04733220
0.23942978,0.78559399,0.78636270,0.98495287,0.04973938
0.26750339,0.75767597,0.61066399,0.97416368,0.04478650
0.33637521,0.81884961,0.67233023,0.97906549,0.05969067
0.35284858,0.82454505,0.64648561,0.95409076,0.05856200
0.27601175,0.86157337,0.70290108,0.93717885,0.04047523
0.25367299,0.89708777,0.72843861,0.96608568,0.04442787
0.32932924,0.83884869,0.71120144,0.95785926,0.04715674
0.31168174,0.76458935,0.61676442,0.94829482,0.05901972
0.31552230,0.73267502,0.65579209,0.95608026,0.04885520
0.39655344,0.85290442,0.70954413,0.97884264,0.05557243
0.33686452,0.89195237,0.66453442,0.94636192,0.04791950
0.36970564,0.74126137,0.68000184,0.99830643,0.05226992
0.36199959,0.73759652,0.74324521,1.00345117,0.05094311
0.28135776,0.77463616,0.61044662,0.92613742,0.05639383
0.33439203,0.83487396,0.60520115,0.96106069,0.05079813
0.34123844,0.85409419,0.75084596,1.00488807,0.05926795
0.36942433,0.73729336,0.73254482,0.98305272,0.05567915
0.36099380,0.76327491,0.60632145,0.95011174,0.04054241
0.27194404,0.86108806,0.66651481,0.97739050,0.04336995
0.23417898,0.81189625,0.67589946,0.98523634,0.04695296
0.29824382,0.80217972,0.71043522,0.94940690,0.04232060
0.37929660,0.76196551,0.68623237,0.94014721,0.04834947
0.34693110,0.78188090,0.71848317,0.92285629,0.04188141
0.25106042,0.80385414,0.67165579,0.96535470,0.04258804
0.31214130,0.81362852,0.72709755,0.96020673,0.04380674
0.39725982,0.77251070,0.61422105,0.98784326,0.04113353
0.36998010,0.83901793,0.71591147,0.99000593,0.05057792
0.34458004,0.83532259,0.77922549,0.97422659,0.04952155
0.29271508,0.87516062,0.75881407,1.00982473,0.04385371
0.27447962,0.86286308,0.69931677,0.99495290,0.04450203
0.29506694,0.78853010,0.64998657,0.98452651,0.05902693
0.25782237,0.73787857,0.60918120,0.94547451,0.04596503
0.34596103,0.88637680,0.71353597,0.94354685,0.05922926
0.32531953,0.77027969,0.72652622,0.98909709,0.04467228
0.34335652,0.73777548,0.79607461,0.95443507,0.05259309
0.26084924,0.77389878,0.76112423,0.94307712,0.04062068
0.35860126,0.89253533,0.71084127,0.93520472,0.05253142
0.30043129,0.77318226,0.68770832,0.98884165,0.04532876
0.34812848,0.74211224,0.77769846,0.98176489,0.05952261
0.37116308,0.77222589,0.73464909,0.92073418,0.05812262
0.32179381,0.85043545,0.60155675,0.95799257,0.05344703
0.25066856,0.78368802,0.76093220,1.00498666,0.04241591
0.29016409,0.81892904,0.68044716,0.96732202,0.05519415
0.26502475,0.81198961,0.61707790,1.00556231,0.05865402
0.25753328,0.83170616,0.78939136,0.93844956,0.04340541
0.36583869,0.73344139,0.77590567,0.95658626,0.05341128
0.26343481,0.76374131,0.62951377,0.98744616,0.05562204
0.26094085,0.88757661,0.74072306,0.97857374,0.04239296
0.37547113,0.77757033,0.67004718,0.94713533,0.04722162
0.39846446,0.76109861,0.73091935,0.97381278,0.05381475
0.28933237,0.84709448,0.65476038,0.92012837,0.05277004
0.35621133,0.74455596,0.62043465,0.94608753,0.04251143
0.31896274,0.82165240,0.78712609,0.98582890,0.05981862
0.24323105,0.78098825,0.68885442,0.97829407,0.05316553
0.39879871,0.76232337,0.61583289,0.97552200,0.04765952
0.34236043,0.85718488,0.73435306,0.98664066,0.04987148
0.32659476,0.77037689,0.65789987,0.92864098,0.05307700
0.23614878,0.85018120,0.76710447,0.93810023,0.04000670
0.25504351,0.89927524,0.62911629,0.95245701,0.05550957
0.35130142,0.78400443,0.69913890,1.00142742,0.05481270
0.33792451,0.77592174,0.68947958,0.95193796,0.05610612
0.29377590,0.85592962,0.78836988,0.94492922,0.05561905
0.38491042,0.84866218,0.70759102,0.97780267,0.05585856
0.29653934,0.84819147,0.69372816,0.96949902,0.05400810
0.32333149,0.86051621,0.63936210,0.92790885,0.04140889
0.36487860,0.74567531,0.78784939,0.97949967,0.04116388
0.39621796,0.89276550,0.72994052,1.00367032,0.05158136
0.28360408,0.80072432,0.71211662,0.99501163,0.04807026
0.38332176,0.75358976,0.62709447,0.92782394,0.04716137
0.32041895,0.74560634,0.71864694,0.93061128,0.04748199
0.32983663,0.84660833,0.66926163,0.96665315,0.05524485
0.38064921,0.77237788,0.63568276,0.96713098,0.04992605
0.35869731,0.80929012,0.63526713,0.93823066,0.05594488
0.29324040,0.77655273,0.74095952,0.92409145,0.04345037
0.34941283,0.77878166,0.71331914,0.93326753,0.05130830
0.34174825,0.74687756,0.63967169,0.94926888,0.04676750
0.38885862,0.81251695,0.69077976,0.95237542,0.04528945
0.30142159,0.83579456,0.78518192,0.96332670,0.05541557
0.38457522,0.74736934,0.67888131,0.99284678,0.05231323
0.23876414,0.79853310,0.65645534,0.93246322,0.04129264
0.29578144,0.76159569,0.75436139,0.97558640,0.05746112
0.25694412,0.84148008,0.70317885,0.95569955,0.04946369
0.29130483,0.74839867,0.74283946,1.00459003,0.05320783
0.36311695,0.88769164,0.62438981,0.92837690,0.05124233
0.35112124,0.74996612,0.75395765,0.95709625,0.04773003
0.35205424,0.86979389,0.73360990,0.94341538,0.05843446
0.29612093,0.87451014,0.79521259,1.00743208,0.05568715
0.33753136,0.76783864,0.62517611,0.97606129,0.05831535
0.30278777,0.78454521,0.62775466,0.98601062,0.05983570
0.27553225,0.87814424,0.67052638,0.93668365,0.05894176
0.30919433,0.80498472,0.61141950,0.99903538,0.04968737
0.24961458,0.76967133,0.72106190,0.94114852,0.05026084
0.39769045,0.73802715,0.73192454,0.97651888,0.05150981
0.27921378,0.83855571,0.73913206,0.93383752,0.05936945
0.31306620,0.78474511,0.73236541,0.97298123,0.04025412
0.39361764,0.73008512,0.65287125,0.93017450,0.05869430
0.33834223,0.86106574,0.60574752,0.94542827,0.05999938
0.30741500,0.87438469,0.65765065,0.98565351,0.04298792
0.25033267,0.89608299,0.61358001,0.96314105,0.04862009
0.29085731,0.88358521,0.67984980,0.99003559,0.05950910
0.23550461,0.78139156,0.74622821,1.00089899,0.05554148
0.30224558,0.75705785,0.69018465,0.92880248,0.04261992
0.35215431,0.81069316,0.65976680,0.97512940,0.05689195
0.37725950,0.75313817,0.66426949,0.97902880,0.05111409
0.36703474,0.81413492,0.61371863,0.92513517,0.04172099
0.26648010,0.78649654,0.77110865,0.95395219,0.04453937
0.34013549,0.82798559,0.60235349,0.97466006,0.05171298
0.39338927,0.78800073,0.70130143,0.93865044,0.04609458
0.34908598,0.74033643,0.64442782,0.95268592,0.04270196
0.25331083,0.87586687,0.69215433,0.94466614,0.05698858
0.35759818,0.79620474,0.77553148,0.93230403,0.04081517
0.38553599,0.73025558,0.64622245,0.96008329,0.05254958
0.23825714,0.79894105,0.73715814,0.95853594,0.05845603
0.35448817,0.89851080,0.60108503,0.98589234,0.05459418
0.27371013,0.88083600,0.75444025,0.99563019,0.05644307
0.25159117,0.75729857,0.70763722,0.97168299,0.04711094
0.34357242,0.87171295,0.66528691,0.97075047,0.04485548
0.23155708,0.85233259,0.70532118,0.92222786,0.04109017
0.36926301,0.87196782,0.75198598,0.94667827,0.04053065
0.37133557,0.78330396,0.79212027,0.94875753,0.05248836
0.34738483,0.86761974,0.68263643,0.94189289,0.05693317
0.27236390,0.79156488,0.61936930,0.98105756,0.04851429
0.37369434,0.79081941,0.65206572,0.95741704,0.04538978
0.27879873,0.77821518,0.74802485,0.97256117,0.04954250
0.26295180,0.79497066,0.76999357,0.94030460,0.05544259
0.24722291,0.82544943,0.74452243,0.94152689,0.05508581
0.33311037,0.78815828,0.78055401,0.92916466,0.04182714
0.26706476,0.75239797,0.62495007,0.92943745,0.05764279
0.27297151,0.86608446,0.73720183,0.93088891,0.05500887
0.32358291,0.81452273,0.63212894,0.93985307,0.05155664
0.30416406,0.87079660,0.76557267,0.96181459,0.04096214
0.33148954,0.75170921,0.68748899,0.97162993,0.05735456
0.38513179,0.82584914,0.64609407,0.98815640,0.04670849
0.34456417,0.85684645,0.63396500,0.92380117,0.04617279
0.24482693,0.87123493,0.70796267,0.97575527,0.05733934
0.37225170,0.88593692,0.75283252,1.00783273,0.05240236
0.28919442,0.83797215,0.66346031,0.92974933,0.04420950
0.36809903,0.83150375,0.69677990,1.00466158,0.04255855
0.29885938,0.81033430,0.71886493,0.96744430,0.04590018
0.23286250,0.74414408,0.63342252,0.99793560,0.05478492
0.38395970,0.76626974,0.67149719,0.93851662,0.05411730
0.24086012,0.83504244,0.78087244,1.00600837,0.05133567
0.31250238,0.78054324,0.66269217,0.96446585,0.05023229
0.23563790,0.89403723,0.69405203,0.97238104,0.04534307
0.30521146,0.87881345,0.79892934,1.00534885,0.04774459
0.36532030,0.84840628,0.66498774,0.95576637,0.04263762
0.39230839,0.73181411,0.71825379,0.97047346,0.04621668
0.23441236,0.75297155,0.63846130,0.93412640,0.05189943
0.39497503,0.79761197,0.76588065,0.95155089,0.05984153
0.31478107,0.80264455,0.79318919,0.95744397,0.05804038
0.23633436,0.74063091,0.78555600,0.98922687,0.04016527
0.37446227,0.80829329,0.75950744,0.94395562,0.04592632
0.32390066,0.85568953,0.77494591,0.97540655,0.05465909
0.29480622,0.80863639,0.68191235,0.94679792,0.05323581
0.29314007,0.75682047,0.64238716,0.93703092,0.04727247
0.38480536,0.85793668,0.78903699,0.96722112,0.04388484
0.26843028,0.81012765,0.73691366,0.96160270,0.05705084
0.33345955,0.84636070,0.72493646,0.97003062,0.04465170
0.30596894,0.77923022,0.66168861,0.98831624,0.04073928
0.28616435,0.89839219,0.73499595,0.95777754,0.05783763
0.23761314,0.78027332,0.62071974,0.96684239,0.05649998
0.25632248,0.81515409,0.76729007,0.95462038,0.05364903
0.34488229,0.73050588,0.79841173,0.99712025,0.05017746
0.38807509,0.81908318,0.64967647,1.00697507,0.05424027
0.27486497,0.75074433,0.75335920,0.94964392,0.04387160
0.35777473,0.80736169,0.66557015,1.00613026,0.04615242
0.31760971,0.85852546,0.77538848,0.95996694,0.05678864
0.28734025,0.84132464,0.62109332,0.95629938,0.04069088
0.35679365,0.87377850,0.78562912,0.98938690,0.04880582
0.32180010,0.84865873,0.65236779,0.99697933,0.04857880
0.30316974,0.87353372,0.64148237,0.92113713,0.05256605
0.26151897,0.88551470,0.79408737,0.99165063,0.05914666
0.26901980,0.78927533,0.63478282,0.92834798,0.04895978
0.33880227,0.73421218,0.67403702,0.93465482,0.05755433
0.26613889,0.82769485,0.64744033,0.94520381,0.05760249
0.25836389,0.78307796,0.77517041,0.97958780,0.04678964
0.32140282,0.86274331,0.73899764,0.97325768,0.05402172
0.33611447,0.80718514,0.79677985,1.00040670,0.04459486
0.23908770,0.84214552,0.76634331,0.99149835,0.05955633
0.36915025,0.75606936,0.69817436,1.00388625,0.05310989
0.29548068,0.76677884,0.69865800,0.97681555,0.05512250
0.26593569,0.81648270,0.76358010,0.99653544,0.04355867
0.26225898,0.83606968,0.60609022,0.93447557,0.05946779
0.32319555,0.84920028,0.76393809,0.99375059,0.05404874
0.24623961,0.83630863,0.74615798,1.00010187,0.04289804
0.23665903,0.89581900,0.62635103,0.94045289,0.04185831
0.37946835,0.84770970,0.79377785,0.94276284,0.04428498
0.23182020,0.89729882,0.70964759,0.93730716,0.05415443
0.32541948,0.83200881,0.64898169,0.94184065,0.04309531
0.25458315,0.77101380,0.76970515,0.93101863,0.04153372
0.32925598,0.86561462,0.61102806,1.00967578,0.04611244
0.32268572,0.77945904,0.64434922,0.96083929,0.05824029
0.38338996,0.85977498,0.75479900,0.92484341,0.05994729
0.35556545,0.81127287,0.71144706,0.99897974,0.04342501
0.23459418,0.73553163,0.76667149,0.93107732,0.05787503
0.26537929,0.86428342,0.78687031,0.92199954,0.04296771
0.30709576,0.82339505,0.79556967,0.98019060,0.05361460
0.24553838,0.74335488,0.68795110,1.00515055,0.04933252
0.26018417,0.78705035,0.78776361,0.94477415,0.04273103
0.26246724,0.88674612,0.78023685,0.98329488,0.04224262
0.25211584,0.74932263,0.65487781,0.98960521,0.04457465
0.38109227,0.75412064,0.79686814,0.94458972,0.05232478
0.32973623,0.83961511,0.62810928,0.92103079,0.04092162
0.26045128,0.82963427,0.64002995,0.98201319,0.05855069
0.35919193,0.84269579,0.61412194,0.95372681,0.05007660
0.32010796,0.74543678,0.78400812,1.00921152,0.05350718
0.36469508,0.88464365,0.69987071,1.00917320,0.04698125
0.39246870,0.86510662,0.68505777,0.94145092,0.05547097
0.26814248,0.88246289,0.76066533,0.98846565,0.05587454
0.35662243,0.75187350,0.69833375,1.00311912,0.05613619
0.26668719,0.79960790,0.61837422,1.00210800,0.05314112
0.26885744,0.89610681,0.64718034,0.98515613,0.04022557
0.27866063,0.87282668,0.67798864,0.96025008,0.04889247
0.27312843,0.77519059,0.77160080,0.97282427,0.05144346
0.38306129,0.88049504,0.79045766,1.00119274,0.05061632
0.31244986,0.84974825,0.75112923,0.94599886,0.04517628
0.29454360,0.75667806,0.66298862,0.98147756,0.04495376
0.39779302,0.77199606,0.74497149,0.95809566,0.05728798
0.34582259,0.82246365,0.73276229,0.96706310,0.04444792
0.39626228,0.73294576,0.71505785,0.95177139,0.04914644
0.33386317,0.88387261,0.67692706,0.97795961,0.05942986
0.26027071,0.85422625,0.63410170,0.96759436,0.05143885
0.27588631,0.79379641,0.60762719,0.93402710,0.04115423
0.28385684,0.76552543,0.60128931,0.95728701,0.05960704
0.30473403,0.88477565,0.75058118,0.92799611,0.04352136
0.27951054,0.85666313,0.64301666,0.96395155,0.04832144
0.39380916,0.74393939,0.79338749,0.92647015,0.05037809
0.23079021,0.88900078,0.66944187,0.98699688,0.05683707
0.30076286,0.75934968,0.74039740,0.95138475,0.04441339
0.31019338,0.85600198,0.61204801,0.94981740,0.05235722
0.26947267,0.76694488,0.74836103,0.97250167,0.05147033
0.26256531,0.83300094,0.78469634,0.99100101,0.04339671
0.32585747,0.78865780,0.73114303,0.96901803,0.04087356
0.32708730,0.74435430,0.76161617,0.92096301,0.04265770
0.39463544,0.84520126,0.77283962,0.97527085,0.04201055
0.31721487,0.77189599,0.72094582,0.94056599,0.05161925
0.34886332,0.78166276,0.61173825,0.92750912,0.05959914
0.24103652,0.77306166,0.61658564,0.93507706,0.05103323
0.29864123,0.81700791,0.70724732,0.93692436,0.04403720
0.23782685,0.86674889,0.71447167,0.99877611,0.04500592
0.31044063,0.74708781,0.71029333,1.00637086,0.04587789
0.36503701,0.74835429,0.77614487,0.93160152,0.04559619
0.25726142,0.84600316,0.70891579,0.92134188,0.05769133
0.27533003,0.89171752,0.69048419,1.00590576,0.04879026
0.36787573,0.78767143,0.68650060,0.97764687,0.04761947
0.31976977,0.75833574,0.74534881,0.97382005,0.04334563
0.31278195,0.75276948,0.76159490,0.97214603,0.04019857
0.24412132,0.85530073,0.65369079,1.00877450,0.05267416
0.33980912,0.75452463,0.79917964,0.92044230,0.05239378
0.39438788,0.84739621,0.64825846,0.95376788,0.04480791
0.37639603,0.73112089,0.73323025,0.94497442,0.04135554
0.34645950,0.86544325,0.74019476,1.00295816,0.04205267
0.24337027,0.79536081,0.76022337,0.99251369,0.05660958
0.33075218,0.89765030,0.70076848,0.99028068,0.04176994
0.32287578,0.87827476,0.74588208,0.92740035,0.05347215
0.33743441,0.74494026,0.70999226,0.99827040,0.04605009
0.24353943,0.84567470,0.73790388,1.00687899,0.05552666
0.34146593,0.75799114,0.68288297,0.92948632,0.05987371
0.28859385,0.89495201,0.75967052,0.96606785,0.04795118
0.26826824,0.87534383,0.79982897,0.97713531,0.05040986
0.23060786,0.87704828,0.63161692,0.97206906,0.04178091
0.37190125,0.78272273,0.72301552,0.95045989,0.04103595
0.30638351,0.89548667,0.66821109,0.94588047,0.04003463
0.34727649,0.84089123,0.68020518,1.00342745,0.04908519
0.24446242,0.75956729,0.70017797,0.93262772,0.04496704
0.24885830,0.77116815,0.62229532,0.97517835,0.04906244
0.32642187,0.74640230,0.74414966,0.95982446,0.05739798
0.28530800,0.78437722,0.67089777,0.94393511,0.05537401
0.38364055,0.76287459,0.60304264,0.95518484,0.05572299
0.34375367,0.74184181,0.77846820,0.99952376,0.05791692
0.26629013,0.87754532,0.77702431,0.97013681,0.04640357
0.28719437,0.77291521,0.77620308,0.99980769,0.04991848
0.24792447,0.79369411,0.63833553,0.98659936,0.05126808
0.37428511,0.81819806,0.73459191,0.95209721,0.05730242
0.28689277,0.76218456,0.60264869,0.97703047,0.05442357
0.34616238,0.85655493,0.67279980,0.92656684,0.04076018
0.29344701,0.74395061,0.67061954,0.98371816,0.04662416
0.31424331,0.87028578,0.74779866,0.95264406,0.04668497
0.23513519,0.89088465,0.67713975,0.95066207,0.05718066
0.35045533,0.75695399,0.66708953,0.94381314,0.05808895
0.23723650,0.80482946,0.72421819,0.97832611,0.04870871
0.25270483,0.82712011,0.75703234,0.93011933,0.04810600
0.29396255,0.74246501,0.61565077,0.95364122,0.04199003
0.35246999,0.89387958,0.78882881,0.95882510,0.04845742
0.37045122,0.85363810,0.70584834,0.99601472,0.04312292
0.27973962,0.76798301,0.63499987,0.93938196,0.04624564
0.30130359,0.85707559,0.79063801,0.98059868,0.04075444
0.35138696,0.78631976,0.62240241,0.95276259,0.04940162
0.30994159,0.73601640,0.62416557,0.98763110,0.05666469
0.38563145,0.79224240,0.68577807,0.99115572,0.05636988
0.39448650,0.75888154,0.66256929,0.95484461,0.04731031
0.27164172,0.83522720,0.67110530,0.94788521,0.04646590
0.31775480,0.87565119,0.66608156,1.00323610,0.05197393
0.33388890,0.73398750,0.72462282,0.98270973,0.05417340
0.32851994,0.76901839,0.79580047,0.93681970,0.04430296
0.25654317,0.87321596,0.62273119,1.00185327,0.05245415
0.37504415,0.84942529,0.64561483,0.99662396,0.05444971
0.36434912,0.79026433,0.69281910,0.98721340,0.04180053
0.23360193,0.77830368,0.75030342,0.93522465,0.05721386
0.39018047,0.74901612,0.67493859,0.95163988,0.05359355
0.33584421,0.86059058,0.72734866,0.93910292,0.04321853
0.36263982,0.85345536,0.76331966,0.92695498,0.04994170
0.29718388,0.89993362,0.65830316,0.94773986,0.04037415
0.30721334,0.80542423,0.61303880,0.96850219,0.04945911
0.36345040,0.74719219,0.79382343,0.99605438,0.04563123
0.37598124,0.83452790,0.70349976,0.97137020,0.05624129
0.37483932,0.77366566,0.78135070,1.00818209,0.05727548
0.25912847,0.77907432,0.78327700,0.95015988,0.04438795
0.24008193,0.82921786,0.64336805,0.97613115,0.05162071
0.34022429,0.80118282,0.79150982,0.97437480,0.05956663
0.30878469,0.83711952,0.64066551,0.92255215,0.04899620
0.27418191,0.79834593,0.61868023,0.99358259,0.05430822
0.38757949,0.86399024,0.68615667,1.00371759,0.04222931
0.36765298,0.84593486,0.72783683,1.00854412,0.05207896
0.32830150,0.86951049,0.65672213,0.94661776,0.04936282
0.32242945,0.83468427,0.77373815,0.92763172,0.05475365
0.30682590,0.84336305,0.66811659,0.97392085,0.05349885
0.24764385,0.84884558,0.65742200,0.97654885,0.04793519
0.25576863,0.74526409,0.74517428,0.93283580,0.04594848
0.30099881,0.73924616,0.73514075,0.93796887,0.05062419
0.36279069,0.74983525,0.74368570,0.96227497,0.04303893
0.26914456,0.86240093,0.68491486,0.96099617,0.04849631
0.34269393,0.80287084,0.79920954,0.95819464,0.05893237
0.39285339,0.80299795,0.61138155,0.98826117,0.05878496
0.36830799,0.83279910,0.78279052,0.93205777,0.05169140
0.33711983,0.86374851,0.77208519,0.94621841,0.05899878
0.35237397,0.80678368,0.78186598,0.99691049,0.05294532
0.25348251,0.74092108,0.65400155,0.99220211,0.04470296
0.38999850,0.78971585,0.64103964,0.97355588,0.04469050
0.27834149,0.76867246,0.62962979,0.93967118,0.05476361
0.31588411,0.75584648,0.70215022,0.98248613,0.05074486
0.35343083,0.77948583,0.77408529,1.00157788,0.04211665
0.31313426,0.88023665,0.69505505,0.92433838,0.05179118
0.38874410,0.89027788,0.63242870,0.95145403,0.04531820
0.27135811,0.86221747,0.75482472,0.99350214,0.05523599
0.27622557,0.78244304,0.79770985,0.98788238,0.04653071
0.35081155,0.88193552,0.63374437,0.92801649,0.05183670
0.35631201,0.88175442,0.79298232,0.93491762,0.05659883
0.38813569,0.77734287,0.60513260,0.96935042,0.05192739
0.39542022,0.85325659,0.60066386,0.94998640,0.05520415
0.34415648,0.88645024,0.64398435,0.99184178,0.05136076
0.29764555,0.85446786,0.66761340,0.99449964,0.04868950
0.27693226,0.87535676,0.67557442,0.98809859,0.04550604
0.28980234,0.73844479,0.60659534,0.96219618,0.05578875
0.37268897,0.80995968,0.68324433,0.98899262,0.04579453
0.23509735,0.84454487,0.63453752,0.94293396,0.04685960
0.37328323,0.86809676,0.79567408,0.94700579,0.05794404
0.34244348,0.79559662,0.63508719,1.00198446,0.04939138
0.26410366,0.81849727,0.65054403,0.92488828,0.05908318
0.29973935,0.85467328,0.71949233,0.93745720,0.05836554
0.38715735,0.77432397,0.66413443,0.97310580,0.05396751
0.34823909,0.87949444,0.71471725,0.92148768,0.05897419
0.26069522,0.76422345,0.74939201,0.94332845,0.04787434
0.23447396,0.76950074,0.65246947,0.93785527,0.04548082
0.29247358,0.88814551,0.74545891,0.93995874,0.04861433
0.37085792,0.87853279,0.78312665,0.93886481,0.05570792
0.24526262,0.76267327,0.77431249,0.92542644,0.05929837
0.39091011,0.80003520,0.77326482,0.92563907,0.05860101
0.31086490,0.80980415,0.71774852,0.92930419,0.04523066
0.38191699,0.81309537,0.67817770,0.92718921,0.05534002
0.31611991,0.84355967,0.79160941,0.92278820,0.05167163
0.32065803,0.87791452,0.62385742,0.92184827,0.05890051
0.23594332,0.81942223,0.60203012,0.99128640,0.04781490
0.38603578,0.86928724,0.79729683,0.97980291,0.04048151
0.29704459,0.86016712,0.65871999,0.98982799,0.04739615
0.37039563,0.73377225,0.74125903,0.98466227,0.05383251
0.27663636,0.89289181,0.61622375,0.93192077,0.05220360
0.29995308,0.73467933,0.73962691,0.98863523,0.05773208
0.27567817,0.88410182,0.60489103,0.94532056,0.04755139
0.25308297,0.73529264,0.67253080,0.97121694,0.05019585
0.38222479,0.82136878,0.76483427,0.96975750,0.04744180
0.27070966,0.88103036,0.61489797,0.93133676,0.04105006
0.32617520,0.78791174,0.71667018,0.99177521,0.05833814
0.36462758,0.81972844,0.74256182,0.98573525,0.04209644
0.34545011,0.84624434,0.73878177,0.92388118,0.04369409
0.32308768,0.78593697,0.71901113,0.96790566,0.04949862
0.31336913,0.83013186,0.62561062,0.98920046,0.05219208
0.34996636,0.82432795,0.61266104,0.92249535,0.05991310
0.33368464,0.81219535,0.63756837,0.92968111,0.05045713
0.25380785,0.73660535,0.78969562,0.94905227,0.04475847
0.32686561,0.86208069,0.69337212,0.97692559,0.05138696
0.36258515,0.87612503,0.71788375,0.98216892,0.05771256
0.27758779,0.78674258,0.63590665,0.93413086,0.04546007
0.28576346,0.74080808,0.67978386,0.98396088,0.05187525
0.34712760,0.88570381,0.76890936,0.97945943,0.04903639
0.30025826,0.84910929,0.69462963,0.95075831,0.05106923
0.26583870,0.74776580,0.69796951,0.96840546,0.05748776
0.29676516,0.74799070,0.75501405,0.97489613,0.05496870
0.27733680,0.80475740,0.60930945,1.00666210,0.05816557
0.33570231,0.75053712,0.79753702,0.97805879,0.05684407
0.36022903,0.74042917,0.74726742,1.00941680,0.05224190
0.38138315,0.88837964,0.73647192,0.94362085,0.05653752
0.33856324,0.82820673,0.71803063,0.92374590,0.05438357
0.24641479,0.77577190,0.70937294,0.99713678,0.05463039
0.31155583,0.81546895,0.68814698,0.95848699,0.05630565
0.26978857,0.73447626,0.72049057,0.99762963,0.04042344
0.27269556,0.82192018,0.74740932,1.00753444,0.04418400
0.23221564,0.88033038,0.67196769,0.94262725,0.04449762
0.25944585,0.89638218,0.64846096,0.96248809,0.04101638
0.24047321,0.80094999,0.74991607,0.92628427,0.04565942
0.35590088,0.82882963,0.63048520,0.95418594,0.05907099
0.39891719,0.86731339,0.75905415,0.98774213,0.05288920
0.30821305,0.82289832,0.76927660,1.00270341,0.05671644
0.29220284,0.83934998,0.67943282,0.92925322,0.04489561
0.31035505,0.81472952,0.75127564,0.97582819,0.04124190
0.33194984,0.75980801,0.69528806,0.95480247,0.04924185
0.32790377,0.83000896,0.69165443,0.97103762,0.05330963
0.23691532,0.80567928,0.66884584,0.98034497,0.04132464
0.26871446,0.75845978,0.71562696,1.00628138,0.04891033
0.32588832,0.75213430,0.66082259,0.95866533,0.05112007
0.37158406,0.73858181,0.75590415,0.92082814,0.05216183
0.28699571,0.88527344,0.65611451,0.93291407,0.04230981
0.26977654,0.87305448,0.60882881,0.93316617,0.05030409
0.28246362,0.89872007,0.76539330,0.98026553,0.04545051
0.31529661,0.87058469,0.63866192,0.94894084,0.04437169
0.28605750,0.81779857,0.74851239,0.97350734,0.05978838
0.24070892,0.82351569,0.66038578,0.93624942,0.05469585
0.26391096,0.82413236,0.63322800,0.92176433,0.04768722
0.30356769,0.88163670,0.62211917,0.92634172,0.04511081
0.28542646,0.84309984,0.66320087,0.95534344,0.04934422
0.39174556,0.83699600,0.60840283,0.95495114,0.05858202
0.34530662,0.84999834,0.68126012,1.00401641,0.04126162
0.24193284,0.76347230,0.60037322,0.97723374,0.05119014
0.28302627,0.81266697,0.75008953,0.94683477,0.04257440
0.25541175,0.81396003,0.72182308,0.99072425,0.05035795
0.30952514,0.78885294,0.66317884,0.95585470,0.05796508
0.28750232,0.81122769,0.71378768,0.99105961,0.04799595
0.28785112,0.85386936,0.69031013,0.97893979,0.05070865
0.26566846,0.87098457,0.72638577,0.96518217,0.04536631
0.31836911,0.75974760,0.65913311,0.96372625,0.04803563
0.39951163,0.78531746,0.79116471,0.96809990,0.05931488
0.30752405,0.75447443,0.68545354,0.99958043,0.05911866
0.26788078,0.76580467,0.75302637,0.99546167,0.04752689
0.39731689,0.79632922,0.66690474,0.95757421,0.04226564
0.28044523,0.76555474,0.63079584,0.92142238,0.04680400
0.39977216,0.84370453,0.71756265,0.95253223,0.04506308
0.36411799,0.81108482,0.67210697,1.00244394,0.05177442
0.25975694,0.73936909,0.77354337,0.94800647,0.04280628
0.24997299,0.76477810,0.67843690,1.00893862,0.05262486
0.28270030,0.82511865,0.68403862,0.94089238,0.05101577
0.27657285,0.81714119,0.71302865,0.99737398,0.05486600
0.26773875,0.83550959,0.66147690,0.95877832,0.04142207
0.32262343,0.89236534,0.67035672,0.94115051,0.05588791
0.26177566,0.76075890,0.63118502,1.00229691,0.04194381
0.31408150,0.75015438,0.64528214,0.97566203,0.04854624
0.39940980,0.78546864,0.65540054,0.97234847,0.05029976
0.31803864,0.85077590,0.74653115,0.92117540,0.05214745
0.29621154,0.73360433,0.72394828,0.96960622,0.05457994
0.26678465,0.83660109,0.79084243,1.00677317,0.04279206
0.37350988,0.74656636,0.72227629,0.99217470,0.05775597
0.24911634,0.84797000,0.78485171,0.93297439,0.05148159
0.26432270,0.85887025,0.77198648,0.99555733,0.04750319
0.37397805,0.74121690,0.69639501,1.00833399,0.05174377
0.29916834,0.82058882,0.70148629,0.96380891,0.04168540
0.36974856,0.74754977,0.76862456,0.95343324,0.05140335
0.29031891,0.77554838,0.65026881,0.99784532,0.05602215
0.31369244,0.79001813,0.70473722,0.98007625,0.05916517
0.38618873,0.87712789,0.76406811,0.95303191,0.05076511
0.23541992,0.82256919,0.73008225,0.93600680,0.04817136
0.38992172,0.73983980,0.69229759,0.98001509,0.04228819
0.23320115,0.82660699,0.68856095,0.93134933,0.04039948
0.28227126,0.84809558,0.72815498,0.94245756,0.05664316
0.28118440,0.81800845,0.77256915,1.00057519,0.04632836
0.25563583,0.78410075,0.60749621,0.96674119,0.04059281
0.24471535,0.77977934,0.68984870,0.93609587,0.05050443
0.34070434,0.87862308,0.61859612,1.00205542,0.04393063
0.35807876,0.84289373,0.73132488,0.98643125,0.04877673
0.34757688,0.82740111,0.72145150,0.96282644,0.05089486
0.29582821,0.85876910,0.79259721,0.93781980,0.04696979
0.27941816,0.74611935,0.71967728,0.92735944,0.04206816
0.30609552,0.79609825,0.72037238,0.97334868,0.04553940
0.23487762,0.81756667,0.67383373,0.96595652,0.05312848
0.37015355,0.76980911,0.64595274,0.99260333,0.04139396
0.37534305,0.77856650,0.61682442,0.92522792,0.04163781
0.38768213,0.85624517,0.72290213,0.98682008,0.05973959
0.33236682,0.80395448,0.65106932,0.97286056,0.05938944
0.29046317,0.83078467,0.65928319,1.00549596,0.04970351
0.24658845,0.73995949,0.73953457,0.96167276,0.04455650
0.25292428,0.75904186,0.70106829,0.93638073,0.04079529
0.38964605,0.83773264,0.69387042,0.95122636,0.05173009
0.28054872,0.77665883,0.73075243,0.97455544,0.05394060
0.32002194,0.89156189,0.61284192,0.99746827,0.05988271
0.39417237,0.79973811,0.63737758,0.99269405,0.05450933
0.30488076,0.79054543,0.75840077,0.97408035,0.04635457
0.34774921,0.73127858,0.62310122,0.99318294,0.04032459
0.23900680,0.84399265,0.76947639,0.94452856,0.05581739
0.37902243,0.89109002,0.79036246,0.92668193,0.04813357
0.38935987,0.80692233,0.76742451,0.98406902,0.05129771
0.31698895,0.76766669,0.63294029,0.98473131,0.04323509
0.25888559,0.88445965,0.60004532,0.93270345,0.05528533
0.33326516,0.77798689,0.71006372,1.00871891,0.05598898
0.25757900,0.74303609,0.73026921,0.92058667,0.04164994
0.26534469,0.73685674,0.69642686,0.98712727,0.05237268
0.33012173,0.83981496,0.64480207,1.00050559,0.05461289
0.25936327,0.86991340,0.70674955,0.97618469,0.05715432
0.35408802,0.75368384,0.65139967,0.96547918,0.05409499
0.39681316,0.82268914,0.79425518,0.92989780,0.04106593
0.37246168,0.73964875,0.71494515,0.93972678,0.04245679
0.38645770,0.89477165,0.65859257,0.99816016,0.04376848
0.38583841,0.87775102,0.68236745,0.93769722,0.04836303
0.29099759,0.88779037,0.72838419,0.95325597,0.05559849
0.34344476,0.83611560,0.72363003,0.98165169,0.04324656
0.32625926,0.80335402,0.64781745,0.92822206,0.04674233
0.25120997,0.87152555,0.68305404,0.94086176,0.04567577
0.33948373,0.79520612,0.77096364,0.92510017,0.04267205
0.37966408,0.75024309,0.77780268,0.93560135,0.04332600
0.29794529,0.89968428,0.60055644,0.94141043,0.05002053
0.25314310,0.77703838,0.75626497,0.96432797,0.05455354
0.23998125,0.86597688,0.76429014,0.95541981,0.04190976
0.25410339,0.79036044,0.65167228,0.95348904,0.05467781
0.27086412,0.81723559,0.77013382,0.99990244,0.04643470
0.36051360,0.75202398,0.68833481,0.95939559,0.05514703
0.27691098,0.78468214,0.61986205,0.94923417,0.04525558
0.30935589,0.82230984,0.78950525,0.97777649,0.05453454
0.31653088,0.75517387,0.69775698,0.99638210,0.05013073
0.30618645,0.82013355,0.65817475,0.93861880,0.05265167
0.23257208,0.80907005,0.67137853,1.00382831,0.04045689
0.29635336,0.83116421,0.69150905,0.99397252,0.05362841
0.35012055,0.86790215,0.74153193,0.97338126,0.04065453
0.34047322,0.88719790,0.60199302,0.98441469,0.05242680
0.28658581,0.88621107,0.77757352,0.96634302,0.05740251
0.29919950,0.86259208,0.68584799,0.92956366,0.05640006
0.25816086,0.87632146,0.75170938,1.00857291,0.05038543
0.32698982,0.89791842,0.62605460,0.99471309,0.05617200
0.24705634,0.77498196,0.60550430,0.97269276,0.04984449
0.35495382,0.86184446,0.60693154,0.98800638,0.04413732
0.36849952,0.76194530,0.68451442,0.98289494,0.05663307
0.32404509,0.74372819,0.69087762,0.97796889,0.04504866
0.38381706,0.79216139,0.78848193,0.99843440,0.04197703
0.27990404,0.83411768,0.63194653,0.95927488,0.05391860
0.24371278,0.89935327,0.71294814,0.99887553,0.04361180
0.39926620,0.80889426,0.72773135,0.97199870,0.05116181
0.31504319,0.87336409,0.78259009,0.94005819,0.05646723
0.24747440,0.79422164,0.75364417,0.95678427,0.05073857
0.29068381,0.80591466,0.64927657,0.96474180,0.05329778
0.27008657,0.85808993,0.73212718,0.94443657,0.04158152
0.31286737,0.86694943,0.62640211,0.98461413,0.05326136
0.35537472,0.89651436,0.74961561,0.97665434,0.04975123
0.27211368,0.86520800,0.63948607,0.93438071,0.04568581
0.35382051,0.88888245,0.66919912,0.96351981,0.05977988
0.38213725,0.86864680,0.68678362,0.93878519,0.05880689
0.32089754,0.79188040,0.73541674,1.00175732,0.04090066
0.24124244,0.75646579,0.70905008,0.92268769,0.04672631
0.26476652,0.76620714,0.73934515,0.93755402,0.05697368
0.39214915,0.73625812,0.64510416,0.95610416,0.04400484
0.31543574,0.82941452,0.64199079,1.00113836,0.05680370
0.33017595,0.88871054,0.62888106,0.93805074,0.05488842
0.28822202,0.87727424,0.69689846,0.96554535,0.04295144
0.34100729,0.88380982,0.62749988,0.99870135,0.05392895
0.31963853,0.87904331,0.68206702,0.99400664,0.04713177
0.33941163,0.76532958,0.70231720,0.95106919,0.04704182
0.30367909,0.88294911,0.63086354,1.00093339,0.05781336
0.23342949,0.76942747,0.78359785,0.94329893,0.04687688
0.36738058,0.76358775,0.68534501,0.95029138,0.05485210
0.38702875,0.74476656,0.69106882,1.00134771,0.05872449
0.34930571,0.73310567,0.79223888,0.96489872,0.04701827
0.31347857,0.75423128,0.79487395,0.97750791,0.04411443
0.26374408,0.80056934,0.70054571,0.94099023,0.05996676
0.38026040,0.79676013,0.62555243,0.97009017,0.05708729
0.39159632,0.82566843,0.75786082,0.92579740,0.05184961
0.37797575,0.80765228,0.62326391,0.99124512,0.04709273
0.37753455,0.84175854,0.75767947,0.95173937,0.05818280
0.31060627,0.73236146,0.75866099,1.00825455,0.05934001
0.25257175,0.85201231,0.79511158,0.94301582,0.05080616
0.35265825,0.73336245,0.74469873,1.00299001,0.04718415
0.23705520,0.88856096,0.64256402,0.98634095,0.05180580
0.24690273,0.83049050,0.62157566,0.99049858,0.05293567
0.34404950,0.85640085,0.77812252,0.92441529,0.05583352
0.36518147,0.78495270,0.62666642,0.99326716,0.04137184
0.28348376,0.87940264,0.61754485,0.96762082,0.04759051
0.35710197,0.78521326,0.78530301,0.93946550,0.04365427
0.31130119,0.78004294,0.77384249,1.00079742,0.05548738
0.32806387,0.89959815,0.62985513,0.98420315,0.05717624
0.28561408,0.88962093,0.76608096,0.96086146,0.05828937
0.38898389,0.87643882,0.66784338,0.99590100,0.05846618
0.24509127,0.74500389,0.71555242,0.92765174,0.05677544
0.23607976,0.76164403,0.60975140,0.92455752,0.04434571
0.36563301,0.79151296,0.76690273,0.98162807,0.05687529
0.34168843,0.88140702,0.61533635,0.99541720,0.04866758
0.39054347,0.83878796,0.77673659,0.97986145,0.05156836
0.28959996,0.73638093,0.63315834,0.93063693,0.04950172
0.34952519,0.78742193,0.71933785,0.93096554,0.04319386
0.28332342,0.82594237,0.65636207,0.99524725,0.05707794
0.38843883,0.84460466,0.63705925,0.94174802,0.04776809
0.38092200,0.75870137,0.78750577,0.95767821,0.05398770
