1.000000000000000021e-02
1.160532440762206650e-02
1.346835546061483750e-02
1.563046343576033129e-02
1.813965988134735169e-02
2.105166375669632189e-02
2.443113872166406339e-02
2.835312905125284000e-02
3.290472606109626913e-02
3.818700204829583722e-02
4.431725469250015481e-02
5.143161175616752651e-02
5.968805392371930030e-02
6.926992290444015932e-02
8.038999269969977768e-02
9.329519444063850975e-02
1.082720997155788428e-01
1.256532841493697428e-01
1.458247125436550606e-01
1.692343095717351864e-01
1.964019063479925664e-01
2.279307837443861617e-01
2.645210687837150076e-01
3.069852815885922848e-01
3.562663781200823276e-01
4.134586893612101077e-01
4.798322219187081683e-01
5.568608596596708038e-01
6.462550926257782935e-01
7.500000000000000000e-01
